<?xml version="1.0"?>
<opencv_storage>
<classifications type_id="opencv-matrix">
  <rows>156</rows>
  <cols>1</cols>
  <dt>i</dt>
  <data>
    90 84 82 80 77 74 73 70 69 68 66 65 89 88 87 86 85 83 81 79 78 76 75
    72 71 67 90 89 88 87 86 85 84 83 82 80 78 77 76 75 74 73 72 70 69 66
    81 79 71 68 67 65 65 90 89 88 87 86 85 84 82 80 78 77 76 75 74 73 72
    70 69 68 66 83 81 79 71 67 65 90 89 88 87 86 85 84 83 82 81 80 79 78
    77 76 75 74 73 72 71 70 69 68 67 66 90 83 82 81 80 79 77 71 70 68 67
    66 65 89 88 87 86 85 84 78 76 75 74 73 72 69 90 84 83 82 81 80 79 77
    71 70 69 68 67 66 65 89 88 87 86 85 78 76 75 74 73 72</data></classifications>
</opencv_storage>
